2811 2296 2975 
3329 796 3355 
2023 1178 4033 
4417 1278 2119 
1696 1853 4529 
817 4541 698 
889 400 330 
4233 4003 232 
154 2099 3069 
2726 4865 639 
178 4525 1980 
4767 2423 92 
316 1956 3069 
4730 4811 2914 
67 674 2942 
1565 4032 797 
4117 3057 2732 
3703 81 1625 
1493 2088 3132 
2379 4035 4931 
3593 3466 3504 
3874 525 4051 
598 4215 2546 
2007 2171 3079 
452 851 807 
3425 1361 2752 
432 4127 4965 
589 2977 1840 
4642 3268 4081 
70 633 2821 
2653 986 3028 
96 1104 595 
3110 3631 761 
2217 4876 4398 
4694 4372 2876 
427 3822 4734 
4545 587 1207 
3078 4979 2635 
2570 1995 1293 
447 1667 2773 
1422 4393 4562 
3274 2666 344 
987 1975 2271 
3273 1927 253 
2177 1951 4867 
3871 2348 2423 
3597 3409 4785 
4931 3607 304 
446 3690 4522 
1649 4098 1972 
2173 1756 4181 
1759 1375 4313 
2207 2357 4276 
1596 1856 940 
4689 1312 3932 
3163 1227 28 
1503 3844 884 
3116 3178 4806 
3171 4736 2799 
1990 1273 1490 
1407 1715 2433 
3257 918 13 
4169 3668 1033 
2255 4685 3106 
2255 3005 3819 
1 29 4879 
3908 1758 689 
4536 2349 1151 
1326 4176 591 
2413 2635 4465 
1088 3113 103 
2374 761 132 
2240 4954 3412 
201 4487 1593 
2134 2393 4219 
2991 3190 1790 
644 2372 1097 
2449 995 4138 
2284 796 1390 
2472 3802 2230 
4996 2131 1412 
95 215 3954 
4402 1999 3105 
3584 2526 829 
1926 584 20 
3943 3326 2350 
3607 4359 2918 
980 3895 1938 
3574 1968 3549 
1779 2401 86 
2070 50 1054 
2101 680 3972 
4578 4726 2028 
358 4226 638 
437 2005 1669 
2683 3737 101 
4803 2545 4307 
1697 4658 430 
2568 1595 1955 
1190 62 396 
4779 861 1813 
2466 1940 1387 
1316 1855 2703 
4034 1694 2048 
1883 4116 3197 
1981 3108 3989 
4222 2798 2559 
2358 1845 1244 
120 1604 169 
1864 1820 1443 
2101 1529 2860 
1646 1050 3699 
3898 2252 3592 
4337 700 1731 
1890 3229 885 
1579 3158 247 
3565 1753 1961 
558 1856 1008 
4963 636 1817 
2545 3049 3626 
1761 274 4534 
4554 2770 1197 
4481 114 3158 
799 2162 74 
2401 2713 2738 
4300 1466 3782 
2183 2124 3694 
2701 81 4508 
537 4529 3707 
758 4308 4776 
2463 2389 1829 
71 2120 3318 
3548 1020 3374 
978 4467 3234 
3336 4873 1125 
2742 885 515 
3612 3805 442 
4642 4602 4505 
1407 2517 2651 
3917 3266 2832 
1536 3744 611 
4595 607 4171 
3383 1763 1623 
517 767 948 
3731 2169 2078 
3418 1108 903 
1177 566 4580 
2707 4773 669 
4529 1996 1162 
1495 678 4090 
1127 2896 1371 
4325 3774 1515 
1993 2004 1605 
3480 316 3327 
1183 4784 2749 
2121 3959 1221 
4559 3845 948 
4642 19 235 
3903 3500 982 
4088 1316 1050 
4266 408 4951 
2674 693 3893 
3822 2278 1164 
2106 4566 2469 
773 1959 840 
1881 3156 132 
3020 3621 1766 
696 1985 1736 
2854 1042 514 
3935 1880 4497 
3782 2968 2035 
412 2845 1744 
2052 1322 3575 
355 4089 3993 
4106 3685 670 
1425 1078 3058 
3740 4393 4235 
2212 111 3787 
3094 4517 4613 
4481 2198 1065 
3537 4231 2513 
2290 3235 3075 
4082 4418 4068 
3261 1339 4509 
3365 717 4827 
2270 2406 3582 
4976 2463 4532 
3481 3402 2245 
2301 1941 568 
4529 1852 502 
4720 3066 2612 
2131 4934 1442 
121 1521 251 
3762 1141 4294 
1017 3930 1266 
439 1994 1932 
126 3705 731 
2878 3189 1818 
2370 2782 1387 
4487 2026 2801 
1792 3877 2206 
3854 3207 2890 
3294 1105 4497 
1448 4648 913 
3536 897 133 
4421 3800 1604 
3089 2276 1189 
2841 775 359 
4753 3057 539 
1702 4284 4149 
454 1072 4011 
4884 2742 4451 
1589 1826 2585 
4441 2799 1506 
3593 4222 3034 
415 836 1444 
1111 1136 3509 
1364 1103 3729 
1796 4574 3745 
2147 1044 4475 
987 4337 192 
383 2243 4044 
2201 3361 2867 
3830 4236 4175 
2243 4744 4656 
3724 4454 192 
803 3776 3783 
2270 1794 1119 
4772 1904 1721 
333 3012 1324 
4304 1731 4622 
2176 2562 1619 
4651 4266 3864 
617 1241 1134 
4164 2471 137 
1368 4998 3676 
690 3508 528 
601 2431 3573 
1866 173 1997 
1522 2275 3473 
1459 3933 4519 
3388 2461 4229 
2204 870 4921 
3477 536 4043 
514 2614 2324 
2939 3159 86 
3436 4537 1678 
4866 3519 3312 
915 3670 2499 
404 2297 3765 
3961 4618 418 
3204 769 1820 
2016 1740 2225 
2312 3670 1376 
4818 3431 2665 
569 859 4777 
4756 2608 3680 
4790 2911 2255 
4053 4724 2606 
423 3796 1549 
1213 3749 1465 
735 3470 2496 
1484 2127 4339 
4413 1590 2221 
2266 899 4242 
2279 2198 1082 
4223 4225 733 
2255 803 1916 
3146 702 4584 
2873 4009 331 
3472 1241 4521 
4930 1282 1677 
4062 744 1308 
233 4285 4162 
1268 2795 2918 
4771 4088 2058 
1082 3667 3094 
3325 4896 4391 
4519 1848 4570 
2778 2065 3786 
4198 3574 521 
4935 294 2467 
3247 1490 4745 
492 955 390 
1914 2168 4784 
1610 3880 2774 
3113 1684 1060 
1163 3087 2851 
3504 4053 3753 
315 4976 3513 
835 4936 2480 
470 4762 4487 
3978 2340 1751 
2684 4691 3133 
3612 3183 517 
3541 958 3587 
3004 4057 84 
4871 3012 870 
2814 2819 3182 
4434 3304 2987 
767 1055 2886 
160 4745 2613 
35 3871 1431 
2777 4051 3494 
709 4604 3079 
4418 4788 99 
2237 12 4390 
2550 1168 3409 
1556 3330 56 
1820 4364 2098 
4525 2937 4306 
4271 253 2220 
2291 500 3274 
4513 3005 4360 
407 4327 505 
2400 4347 1132 
980 4516 68 
251 3007 597 
4665 4419 1234 
3008 3847 3973 
732 4682 3941 
3936 2372 1567 
1795 1859 1310 
947 455 2681 
4609 3037 131 
165 3656 4804 
2616 1184 318 
516 314 1711 
1544 1034 2388 
4128 1404 4057 
1159 3158 1599 
2391 3774 3513 
4048 2276 4074 
975 2264 1936 
794 2035 2698 
1338 1643 415 
733 4355 3621 
276 1087 4000 
2472 2736 3425 
3673 4768 3837 
3920 247 969 
3838 4307 3754 
3401 3233 308 
1390 348 2012 
3298 2957 2657 
3732 1799 1587 
570 802 1093 
629 3012 1129 
2782 3084 3235 
191 4488 2016 
744 4368 4476 
3055 1450 4501 
1900 1596 3504 
3716 4431 242 
3395 67 3456 
459 2831 477 
3074 2311 2207 
2412 3209 2046 
4009 56 4013 
4132 2626 2646 
335 1600 3588 
4130 3804 4035 
2241 3648 3332 
3278 4588 3126 
1253 4711 4531 
3013 4298 1197 
3891 1756 4305 
2568 4639 5 
826 856 3529 
1877 4726 3974 
3587 2718 2008 
762 2476 3749 
576 3371 4734 
1151 309 845 
2325 4508 508 
2008 3225 144 
3409 1781 2896 
2910 2064 3315 
220 886 1579 
1334 1890 2498 
29 1616 1610 
1113 2686 2938 
927 200 1578 
1893 467 1605 
826 3121 2904 
97 4084 1044 
1679 719 2856 
2555 224 3045 
3040 1800 3894 
1965 1560 97 
2580 4044 1604 
1410 2612 2412 
4026 3219 3454 
159 1076 159 
4168 2865 2807 
4626 3888 3113 
920 4433 3377 
594 748 607 
4344 4570 2094 
1017 1828 2153 
3521 4946 4039 
3520 688 1255 
2641 3511 709 
4461 1376 1287 
1429 4204 4971 
4598 2184 4891 
4379 4158 329 
1309 1671 4789 
4566 4852 1738 
829 1716 1510 
918 1730 4596 
1876 2018 4804 
2778 3278 4727 
2202 3043 1404 
2622 4232 224 
2998 2495 206 
2337 3051 135 
4551 63 1606 
1304 1814 2317 
3846 1354 3010 
4237 224 2299 
1220 2202 1744 
289 4338 3616 
938 4582 4484 
3777 2889 3646 
4910 472 2684 
160 3350 3896 
896 4012 956 
2368 1752 4595 
2417 2860 4183 
66 4319 1011 
426 2426 566 
4562 3534 1006 
3444 1206 1103 
571 2210 3601 
4280 4765 853 
4407 4104 2819 
1772 386 49 
830 4383 197 
244 2458 1919 
537 4469 1263 
4798 3882 3126 
4609 2982 1324 
4114 935 345 
4498 402 4195 
3700 2230 3838 
3888 198 2188 
1943 2611 3191 
2258 695 3551 
1715 711 2919 
3316 2477 600 
2917 107 2553 
1299 2769 4121 
2429 1430 180 
4159 4516 3060 
4520 556 4003 
3288 967 3710 
3157 836 782 
1854 1322 4986 
338 1032 1538 
2797 394 4675 
3615 939 3580 
4099 3520 434 
519 4492 3813 
1323 2429 889 
731 771 6 
3266 0 4686 
2321 4152 2411 
4130 3731 285 
2772 2654 579 
1404 1983 57 
1285 4153 880 
2774 1336 1194 
991 4271 1015 
2540 2988 2622 
3156 1887 2200 
2072 4491 1671 
1374 2017 2345 
3062 186 4738 
1398 125 1193 
1426 2749 746 
2873 4760 1900 
1158 4530 3216 
2933 3974 1376 
4490 367 4556 
3878 1182 4522 
2564 920 3588 
3167 4655 458 
1832 2345 4947 
1528 4420 1135 
2359 1371 2054 
66 4726 2586 
3453 336 3265 
2662 648 3194 
4212 4203 761 
3042 4745 860 
730 3478 1251 
4484 1230 3719 
1139 1320 3514 
4629 2809 1714 
3186 2326 483 
1271 359 4968 
4391 2514 356 
1906 1704 4939 
4424 4614 522 
3839 1323 3405 
576 3318 3476 
1177 2337 1807 
2898 3133 629 
3140 1151 1601 
1685 2683 3055 
2468 1451 1468 
4326 1688 3895 
784 2709 3332 
1837 2110 2814 
3085 4900 3859 
3285 244 1223 
1205 3324 3565 
4414 2829 3988 
481 2127 3588 
3339 2408 451 
2323 1949 1744 
2050 149 4270 
1927 1654 1104 
4963 2044 4571 
18 1002 1884 
341 593 4362 
1995 218 31 
3637 2486 4413 
2563 4293 4546 
1847 3314 1241 
2236 420 4024 
2019 3232 405 
3227 2634 3797 
120 4134 2088 
1916 3581 4274 
928 4987 1503 
2407 2472 4543 
46 365 2673 
3357 310 1399 
4412 2228 2049 
2249 2921 4714 
3580 425 867 
3404 289 6 
979 4658 4210 
1189 1888 3194 
3884 1309 807 
4061 4734 1616 
2009 217 449 
397 2878 4947 
2413 2002 1665 
197 3330 4430 
498 3931 2740 
105 2106 1073 
4489 943 2576 
2954 2078 2053 
3183 1377 1146 
114 4497 1952 
1216 846 3318 
4148 772 1845 
215 2236 4514 
529 4780 4430 
2391 4458 563 
4798 845 149 
3926 2089 539 
4232 1646 2292 
3134 1853 4015 
198 3872 4600 
360 4073 3635 
3955 3039 282 
3587 1133 776 
642 1274 1464 
2266 769 3999 
461 2871 546 
4800 3598 4074 
3146 4050 1834 
660 606 682 
855 2365 3753 
3680 4737 1597 
3313 4962 2770 
2346 3286 4529 
2957 4073 4453 
4821 1651 2612 
1273 3413 2746 
3587 798 1705 
1804 2845 3833 
1914 3561 2765 
2577 788 4949 
910 623 3024 
2835 2856 4435 
2063 2710 4050 
3827 2380 1855 
3503 4280 3172 
2407 1332 887 
327 4126 4861 
1450 3630 3853 
2111 2729 3760 
2649 3263 4232 
1456 2572 4425 
1284 1646 4657 
870 1219 3517 
322 4978 2297 
2869 229 2063 
3389 2011 1772 
489 2787 2145 
4113 828 1562 
584 2437 3502 
2783 1802 4218 
503 3639 3050 
2568 3654 4368 
4721 3162 4167 
2390 800 1326 
13 1494 362 
2120 4439 353 
2616 2429 2789 
3888 343 4556 
760 213 1666 
4970 3116 2062 
1075 1732 4911 
2623 1688 4170 
4293 3810 3298 
995 446 4476 
1705 4388 4701 
4275 4572 704 
2576 1522 1990 
2195 4328 4182 
4834 2803 1570 
4009 849 3245 
3349 3573 2853 
4418 3967 4836 
4869 4880 2332 
3506 2620 1015 
1737 1576 2829 
2103 1893 3549 
4787 2928 1853 
1732 3993 3387 
548 2027 1871 
3989 1201 4467 
2513 3275 3651 
3092 1573 1856 
4200 3373 3131 
2816 1896 3655 
3127 1106 300 
2705 1750 4756 
2731 1988 84 
4502 4945 2493 
986 1079 4892 
983 3325 285 
3584 2718 2998 
1999 832 4041 
4465 2614 4661 
4506 247 3867 
4899 865 1299 
4200 1023 2436 
3201 4117 86 
3975 2788 3431 
283 3832 304 
691 2706 2793 
4053 1449 3618 
515 2331 3117 
815 3850 1297 
3724 1069 2365 
1695 545 974 
3532 1912 632 
1157 4917 4454 
1984 4921 1708 
4478 1500 4806 
363 525 1032 
33 3405 2117 
2494 4536 1978 
3171 1109 2264 
4139 791 1955 
20 4958 530 
4177 1913 440 
4919 2734 3339 
2446 2275 878 
3379 1085 4562 
456 1456 644 
288 1174 2025 
2548 1365 4203 
4521 2984 2114 
3647 3856 2333 
1158 552 3076 
920 4163 420 
714 3935 579 
2214 4996 2437 
304 2371 3490 
674 330 1212 
1295 4023 581 
823 2484 588 
1109 4303 431 
1943 1251 4639 
287 2090 422 
913 4931 3082 
3064 2353 2499 
4130 4155 2641 
706 51 2375 
742 2555 1993 
2212 2736 1204 
29 3077 3110 
403 4966 3622 
751 4971 3979 
4726 765 1407 
4550 3452 3651 
1781 2956 836 
1781 3660 4995 
773 3666 2259 
1786 1783 1698 
4857 3910 3366 
2713 3314 3046 
1657 1971 4149 
1568 4088 2249 
3552 138 3857 
348 4842 585 
3140 3939 3030 
1254 2812 4497 
4405 2949 4982 
617 727 4362 
956 2044 4916 
4594 4822 3794 
1407 3609 1630 
2394 622 4182 
2618 430 3891 
4790 2682 3738 
1400 2362 1347 
2130 383 2499 
914 4546 3253 
3646 1936 2034 
892 2792 3123 
668 555 2864 
1952 1040 128 
1207 1435 4629 
4562 1731 2113 
1819 1904 3643 
2232 1511 3133 
4362 4601 3811 
1384 3733 4992 
4013 608 3831 
4023 4903 1579 
2119 905 4651 
4189 4474 4065 
2770 4701 2850 
2779 2815 2921 
805 1085 772 
3528 65 1886 
2350 1572 1406 
2054 1007 3869 
615 4620 1283 
774 2660 3810 
4348 4080 3363 
1454 1951 70 
3396 1404 4974 
2055 2672 1728 
3802 3521 141 
4427 2667 2694 
2320 1806 1487 
2531 1776 1761 
256 4628 4707 
3513 638 1173 
465 2878 954 
2016 3431 4760 
4505 3240 3936 
1255 2771 330 
240 4064 2212 
119 3922 4993 
4265 3708 4978 
1221 2447 3104 
4630 1971 2219 
925 3529 2612 
752 471 3946 
1043 4446 2342 
1423 3535 4436 
3285 2621 64 
2034 2340 2420 
2002 2910 3327 
3404 3085 3693 
1771 1342 4048 
3122 4662 142 
217 4749 995 
2975 1933 2572 
754 464 2072 
4742 581 4550 
2228 3453 4806 
2254 4331 2752 
1169 4809 4564 
249 1062 3109 
2588 2834 2887 
4005 4494 488 
2111 4123 1896 
970 2904 2773 
1228 2391 1916 
4880 2039 4534 
3731 3026 1179 
2828 338 989 
3283 1522 4709 
552 3423 2204 
2850 197 204 
3356 2611 3302 
3344 4176 1040 
571 3742 1827 
3460 933 1494 
927 2368 1851 
3069 599 2350 
2296 2885 4669 
3179 298 3003 
4099 4475 1695 
2898 3712 4019 
3853 1157 2376 
112 2786 3759 
4076 587 644 
3468 38 3598 
3989 4017 896 
2330 924 2322 
1749 2261 668 
2313 4845 286 
4182 2833 140 
4237 4662 3000 
2029 183 362 
1039 4498 1777 
4795 2179 516 
2800 4166 3168 
1229 3960 806 
23 457 131 
3723 543 1370 
3842 4491 4194 
2392 4064 4474 
663 3078 3481 
3787 950 1084 
3218 1928 3156 
3031 1828 4025 
3040 4230 496 
3785 4012 1152 
2295 4370 1355 
1530 4560 3793 
1698 3125 3603 
250 3565 509 
851 1106 4779 
3681 4567 1817 
2593 4701 4054 
4224 3887 2981 
4657 1199 4063 
4317 1232 1173 
4538 3879 521 
1928 3364 4913 
3533 4426 1348 
3481 3222 2235 
4888 942 3687 
3133 356 4424 
1646 436 496 
948 4397 1533 
1607 3585 2338 
1197 2321 2763 
1878 1213 945 
879 119 33 
1451 679 1689 
675 4053 2470 
999 2772 4674 
4387 803 2453 
4137 3354 744 
2599 2858 176 
3099 187 4706 
2732 732 159 
2539 251 1079 
1767 3148 2017 
2260 3716 2495 
4961 1389 1187 
2289 3252 2148 
442 3090 1865 
4540 4771 2849 
4437 2309 1710 
1589 581 4889 
1452 3330 3479 
3554 2519 2710 
4407 1887 2102 
3337 4859 101 
4299 1729 3188 
3470 1725 520 
536 4552 960 
2281 3921 2223 
2602 2293 3824 
585 3115 4378 
308 366 1073 
4317 4485 2483 
1174 1542 1979 
1892 3288 3856 
1907 3241 2540 
1321 3973 3594 
632 1273 317 
2470 1293 212 
320 1294 3411 
1475 3461 1435 
2235 4693 510 
37 2428 4771 
4354 804 1681 
2355 3811 3653 
3147 951 3105 
1583 1556 4725 
2200 2037 3127 
1432 4125 1934 
1946 3870 4831 
2954 2234 1814 
979 331 599 
3859 3531 1037 
3582 3426 1937 
3985 996 2269 
2532 4426 4601 
900 354 2077 
3475 3473 352 
208 3509 2943 
3623 4981 1429 
4555 782 4178 
4045 1199 1904 
4680 2802 907 
86 2369 3781 
415 1610 2397 
2678 775 1426 
52 446 49 
2776 4220 664 
924 3028 2419 
4331 471 918 
3030 1735 132 
3958 1554 1170 
4757 2279 4175 
1651 2628 3628 
2095 546 3154 
3198 2323 4730 
2994 2997 1344 
435 578 2120 
3232 803 3152 
4284 734 3509 
2740 156 2861 
3752 4392 2433 
3246 1933 2724 
4180 4711 769 
3071 1143 1474 
3828 2733 1417 
2868 3701 4276 
706 2279 1272 
149 1973 2418 
1806 3064 2815 
3318 4899 3353 
4359 760 1940 
1151 4505 1965 
1753 3744 1389 
1615 2912 2486 
1203 3879 1169 
3501 772 4686 
3646 2531 931 
4865 3093 4347 
4539 4215 4496 
741 3701 3142 
2692 4211 1319 
4382 619 3643 
195 1006 4245 
4540 2814 1963 
4519 1429 2926 
2601 2767 4036 
3958 2903 4492 
1601 2497 2229 
1488 3156 377 
4049 35 1869 
3612 2698 4195 
104 35 3957 
2788 4262 3158 
1910 2517 4852 
4312 839 1233 
2140 177 2727 
4313 2809 2582 
2198 1387 626 
496 4418 3576 
4256 677 3116 
1251 1645 3059 
527 2044 64 
1609 3860 1204 
2569 361 918 
3613 321 4137 
3071 4592 3581 
4811 1318 4974 
2696 3985 1728 
1772 560 2755 
4909 33 3446 
1123 1378 246 
4507 4324 2831 
1761 2931 484 
3721 569 4559 
2329 953 334 
4618 1471 618 
1049 214 1585 
3581 3677 4894 
4225 1796 1443 
391 2159 225 
2636 3018 3729 
3600 3265 3441 
3342 1043 145 
369 4469 2034 
3651 4954 177 
524 3485 2075 
3467 4084 2677 
2692 3900 1015 
373 489 1227 
147 1233 1118 
1795 4670 1781 
1411 1823 2566 
1444 3128 4632 
4020 1687 2114 
2034 4443 4159 
4912 2768 274 
894 342 2302 
2768 3893 3054 
322 1240 2311 
4754 4081 1514 
1667 3853 4951 
1143 2431 1342 
2603 4658 3078 
3426 4018 4962 
3046 1344 2469 
3595 1102 2795 
945 1640 4929 
2050 3630 748 
2954 1743 834 
177 3161 495 
3037 3500 1691 
3520 281 3368 
4236 812 902 
3845 1840 3949 
2926 817 2658 
66 1330 328 
2920 3356 346 
4027 3919 1375 
1722 1073 2287 
4603 2765 508 
3196 3508 2843 
4372 3243 2320 
3344 4321 1422 
2192 4678 2287 
943 4664 2211 
3068 156 955 
3071 1320 1660 
3118 4905 2362 
3891 1607 757 
2511 3877 4324 
3679 2671 177 
3255 386 1187 
2562 673 4318 
1502 144 3394 
4153 1360 4080 
1578 2595 3371 
1166 4555 611 
2333 2232 359 
2192 2632 2987 
3739 876 2494 
1001 4911 3117 
4616 4258 2401 
19 4871 3124 
1444 4767 698 
3178 4862 1113 
4957 1588 4436 
3974 561 4902 
4436 4451 2118 
1139 3296 2731 
634 1402 2410 
3934 3923 4957 
2080 4287 4222 
490 4273 3047 
4346 4873 562 
377 4141 934 
417 4912 1005 
2018 1112 4712 
3374 3209 1755 
4836 4994 4449 
4959 3341 213 
851 1420 3195 
3983 1589 2244 
2942 479 1751 
4421 3998 3998 
1422 3971 1964 
1338 4292 3186 
46 252 3729 
3942 2391 2925 
941 3747 3149 
679 2854 3324 
3401 4497 3189 
69 3483 3992 
3145 341 556 
1833 3050 1932 
1984 1217 1244 
3817 3162 4434 
3546 2301 1165 
3479 3245 2789 
3565 4621 3480 
4096 656 876 
2848 2413 50 
3094 302 2286 
1187 2112 4967 
262 3884 4322 
925 3243 756 
3409 3673 3040 
3640 3114 4747 
4035 965 386 
2034 4941 967 
271 321 893 
3927 3019 4469 
4172 2406 603 
3254 1343 4277 
4599 3523 2744 
3152 2358 3507 
2881 656 2870 
4262 2252 3832 
1009 2522 3618 
1261 3392 123 
3365 2242 3755 
588 2903 1663 
4436 2408 3650 
2113 2881 1420 
1199 335 4038 
385 3186 1630 
3362 1078 2889 
3380 1176 3431 
4203 2171 4847 
3238 1482 2159 
2320 4558 3018 
3743 3896 2212 
446 4524 628 
2176 2177 4026 
2021 1178 3517 
3934 1790 4934 
3842 4728 940 
1542 2414 2020 
277 4820 1149 
3498 1814 4956 
25 3954 1141 
4874 3318 3775 
87 3776 1012 
2384 1370 752 
2918 1638 480 
4428 4327 3261 
694 1260 3597 
4994 2909 4331 
409 331 3990 
1786 3905 4234 
4692 3571 2265 
2944 2183 2163 
4436 1271 2185 
226 1960 884 
1169 3931 783 
4585 1914 782 
4573 1797 3484 
4718 4095 1336 
3761 4997 919 
3764 159 3309 
1044 181 393 
4861 1344 2679 
3549 705 2470 
1792 4813 3669 
2796 2330 1678 
4196 2315 4344 
1074 4334 3014 
543 4430 605 
4187 54 2450 
4661 1953 3339 
4508 1248 4229 
328 312 1631 
2358 2107 4451 
771 1988 2128 
1048 4237 3036 
3735 3607 424 
3147 3256 4745 
1423 4366 1062 
652 1201 1807 
1373 4450 4996 
56 62 458 
1030 102 4745 
3514 2164 4011 
1715 4424 2001 
3887 2406 2117 
49 1919 1692 
1490 251 1508 
1654 2731 1783 
1627 3134 2198 
3305 260 706 
2447 2235 17 
4789 967 1869 
3445 1425 1953 
580 2533 356 
2393 4170 2012 
196 1267 378 
3438 2959 862 
4655 2401 1300 
3282 815 2315 
287 1590 1377 
2430 550 3248 
4330 2902 4364 
4381 3699 4531 
3047 3843 3376 
4897 3217 4910 
3679 2933 2221 
2605 3366 404 
4830 3874 3506 
3950 4763 226 
206 2455 763 
1913 4047 2153 
1812 3493 1750 
1166 1383 1625 
4560 1387 4990 
4140 4120 1089 
2798 1313 2104 
1183 4669 4873 
4659 1974 1734 
1362 2253 46 
2164 1006 3560 
495 4187 1834 
2812 1897 2909 
4286 930 53 
2522 2451 526 
3629 3686 1080 
4 951 1035 
1765 4198 2521 
1287 4948 4914 
4271 2679 4050 
4835 447 44 
366 2961 4280 
2198 3261 1587 
2056 2525 3856 
1710 4124 2812 
2740 3507 1331 
2901 2123 2563 
2896 3224 2180 
4511 3999 4277 
4916 4497 336 
2750 3236 4840 
1806 24 2263 
2576 4744 1530 
4916 1297 546 
1546 1015 2015 
1562 323 4976 
3173 3641 4890 
1386 1943 3951 
314 1426 3391 
4283 3427 411 
1895 2795 327 
2105 3142 4609 
1362 4053 4351 
4815 2341 2883 
4068 283 1540 
716 3853 2004 
1243 4573 3937 
422 790 165 
2913 1086 4339 
2581 4668 607 
711 3488 961 
703 4260 162 
1361 3009 4789 
824 1713 4887 
1614 4171 1341 
4496 3671 1305 
685 4950 2192 
1656 662 1810 
1541 2500 3745 
4491 2397 2912 
1796 2513 2455 
3220 4515 2964 
3741 3223 367 
2764 3756 4317 
404 2797 420 
4390 1515 2706 
1028 390 4218 
3247 2091 263 
2620 2042 900 
4205 2406 1396 
2952 3150 229 
930 3628 1659 
3673 1633 1490 
3775 3936 3259 
2881 4929 1468 
1719 215 4921 
875 2275 1309 
542 4961 3691 
3417 959 2196 
2399 3439 4779 
243 4470 2240 
1329 2722 261 
981 4710 458 
2645 1799 2235 
1063 2729 1446 
693 1933 4603 
1225 685 4414 
1917 2931 791 
4353 1978 913 
1785 3951 4331 
406 1274 2855 
2444 207 4145 
2540 2477 608 
3524 4545 3814 
3786 2869 3359 
3964 2292 2781 
261 746 3675 
4904 3250 1370 
819 4688 666 
4781 3770 186 
4012 3063 4661 
251 2851 4224 
4755 2476 1830 
4071 4706 1540 
226 1949 130 
256 2393 1336 
2405 790 4792 
4691 4728 4012 
3353 358 4480 
4412 1019 4350 
4081 2863 4879 
3108 4898 3540 
1234 2485 4165 
3762 1891 4369 
337 4793 1994 
2737 4005 837 
2781 2348 965 
4118 1879 4229 
3176 2646 3794 
1332 2965 954 
3578 2448 3332 
4760 2148 351 
4852 2239 573 
3186 268 3518 
1170 1241 126 
839 4882 3635 
1970 4630 386 
815 778 1790 
2559 841 2133 
103 1649 4358 
4588 3077 4500 
4546 2348 4392 
4731 2618 4348 
2163 4510 449 
1928 4959 1070 
1226 3521 149 
4538 3318 2508 
3493 3633 2884 
3990 3092 2599 
4209 4417 4242 
2194 3804 1840 
4320 695 3906 
880 3420 2096 
3058 3418 3846 
4059 4607 411 
740 1631 3537 
2419 208 2473 
1888 1406 4972 
1908 4967 3933 
4655 130 4777 
2539 2822 3523 
1359 2763 1013 
2331 1790 4068 
675 2800 1390 
2576 2782 227 
2933 777 232 
1791 2456 3620 
762 3959 3244 
2002 2021 3853 
225 4353 3247 
1820 1934 854 
2408 3854 2317 
2470 4260 3270 
2962 4973 72 
908 594 599 
785 4626 1990 
2448 3670 2183 
443 4555 2353 
3716 405 3843 
4243 3374 4803 
2532 4474 793 
1525 1067 27 
2389 3605 160 
3946 1515 1131 
3265 3719 952 
4806 2280 3059 
1798 4702 2693 
3394 537 4306 
4354 3982 3192 
498 1544 3529 
4020 2704 3078 
3641 1133 384 
2880 3068 2533 
4611 55 91 
1508 2980 4687 
2448 4560 1148 
106 3868 4406 
1250 3551 2509 
356 2474 82 
464 926 409 
2335 4449 4379 
2198 3955 2037 
182 802 1072 
3702 1659 3295 
62 2278 4214 
1790 4227 302 
1009 4682 3344 
4198 1048 2343 
1313 1240 2766 
1131 1441 1509 
479 1926 1667 
3303 4926 4963 
4576 17 1003 
648 4339 4123 
4230 597 3484 
494 123 2819 
942 4829 4920 
4693 4854 4435 
739 4185 3414 
3928 2953 4841 
1366 1342 3948 
833 1089 3587 
4765 3108 2706 
565 1787 3801 
4316 3264 4671 
4028 3020 2324 
3340 1919 3017 
524 3726 4406 
4432 4811 873 
4147 527 1334 
4237 2353 4510 
3384 431 371 
1372 143 2225 
4411 3537 2924 
3883 1723 3538 
3849 1503 1146 
103 4420 4851 
3823 2988 3590 
3929 2070 4553 
3 3682 420 
3344 1848 4854 
2579 1939 4850 
3132 4228 3368 
503 3699 1230 
1620 3824 3069 
1188 646 157 
1302 4936 746 
1203 4473 2285 
720 647 1678 
849 1013 1883 
575 4613 3740 
1240 2635 1136 
779 1826 4571 
882 816 1517 
3931 2875 26 
4697 2673 4138 
3952 1660 2944 
1579 2859 1379 
2472 2828 1751 
1354 4000 3427 
1347 1821 3292 
1423 167 2193 
704 2132 91 
1644 366 1903 
413 2342 794 
1384 2597 1948 
1541 2347 4269 
2913 4213 635 
407 4730 2191 
2800 1758 3632 
3162 4093 597 
1408 1297 4023 
2167 4435 636 
3710 1303 1129 
948 3890 3024 
3296 1888 3301 
3522 3995 2168 
4997 2100 3102 
4325 462 2989 
4743 2462 4792 
743 2241 1069 
1636 4554 731 
3164 61 2237 
4500 363 3316 
2279 2381 2521 
2392 910 3495 
2646 2784 3756 
162 2842 4153 
3190 866 4605 
531 3171 2691 
2520 2027 4798 
3818 3769 4504 
2141 4171 3738 
1631 2692 3440 
2196 1888 118 
3714 3881 3410 
2576 510 525 
293 3544 939 
1937 1713 2016 
1082 4712 2742 
3586 3173 1409 
1462 3646 3579 
4926 642 3982 
1237 604 371 
4758 3529 3353 
1078 1952 868 
4518 3721 547 
2922 2100 3932 
1935 1503 3355 
2090 1135 4985 
4086 4303 4170 
754 686 3599 
3790 117 1939 
422 3324 1583 
1930 900 136 
604 3887 4480 
3189 935 3594 
1070 329 579 
397 4927 981 
4860 543 1253 
2006 2666 1737 
1374 1530 230 
2600 491 2600 
2511 4414 4880 
4668 1785 306 
1125 4620 4772 
2244 938 3540 
2481 1862 4702 
4305 3232 177 
3695 707 2859 
1517 298 3253 
2640 4777 2941 
4631 1465 864 
2552 3192 3248 
3396 515 2353 
899 4744 3658 
1954 129 2889 
911 1281 1672 
2994 3810 4970 
1608 3898 1738 
4902 4646 3719 
1952 250 3090 
675 4705 2235 
1609 894 974 
3580 850 1872 
3595 147 4967 
4864 331 1791 
3422 4135 2478 
1835 4374 3305 
3459 1371 2742 
950 2283 209 
2544 4595 3095 
4433 3259 1792 
4045 3731 2250 
2307 4109 2306 
4177 644 4238 
3043 1324 932 
3 2584 1182 
2197 1679 3789 
749 4899 2906 
1389 4475 3998 
2762 4132 1645 
4572 1196 4124 
3836 1479 2304 
1047 1646 251 
3161 1072 4459 
1577 2836 4994 
1020 1637 4915 
2504 4697 524 
2067 4907 1459 
1739 904 3391 
1489 1018 1711 
3419 401 3921 
1820 2849 4238 
447 4946 2815 
2205 838 2065 
3211 3487 1283 
1984 2565 2554 
4518 364 2398 
1383 1721 2034 
603 3561 1290 
2827 3794 771 
510 4488 3050 
3349 658 3043 
4973 2418 2882 
1493 1408 2126 
3758 1612 1652 
4900 4012 1339 
4213 138 3531 
672 3243 4165 
41 3356 689 
3767 4272 4373 
244 88 521 
4053 2137 3831 
2593 4733 3937 
856 2489 4706 
4597 585 1897 
651 3448 342 
903 3479 2708 
3286 157 4770 
4602 2350 4224 
3360 4179 3422 
3429 3449 747 
719 842 752 
4230 2865 1372 
3481 3930 4480 
4611 4398 4116 
146 1012 1829 
1789 100 2917 
841 2328 1254 
2792 3607 4950 
